# 0
6.099999999999999867e-02 6.199999999999999956e-02 1.004000000000000004e+00
6.300000000000000044e-02 6.099999999999999867e-02 1.004000000000000004e+00
6.099999999999999867e-02 6.800000000000000488e-02 1.004000000000000004e+00
5.700000000000000205e-02 6.500000000000000222e-02 9.989999999999999991e-01
6.300000000000000044e-02 6.300000000000000044e-02 1.000999999999999890e+00
5.899999999999999689e-02 6.199999999999999956e-02 9.979999999999999982e-01
6.199999999999999956e-02 6.800000000000000488e-02 1.002000000000000002e+00
5.600000000000000117e-02 6.400000000000000133e-02 9.989999999999999991e-01
5.899999999999999689e-02 5.999999999999999778e-02 1.000000000000000000e+00
6.099999999999999867e-02 6.900000000000000577e-02 1.008999999999999897e+00
5.999999999999999778e-02 6.600000000000000311e-02 1.008000000000000007e+00
5.700000000000000205e-02 6.500000000000000222e-02 1.004000000000000004e+00
6.099999999999999867e-02 6.300000000000000044e-02 1.000000000000000000e+00
6.199999999999999956e-02 6.800000000000000488e-02 1.004999999999999893e+00
6.199999999999999956e-02 6.500000000000000222e-02 1.002000000000000002e+00
5.899999999999999689e-02 6.199999999999999956e-02 1.002999999999999892e+00
5.899999999999999689e-02 6.400000000000000133e-02 1.002000000000000002e+00
5.999999999999999778e-02 6.400000000000000133e-02 1.002000000000000002e+00
5.899999999999999689e-02 6.500000000000000222e-02 1.004999999999999893e+00
5.700000000000000205e-02 6.500000000000000222e-02 9.969999999999999973e-01
5.600000000000000117e-02 6.500000000000000222e-02 1.012000000000000011e+00
5.899999999999999689e-02 6.800000000000000488e-02 1.000999999999999890e+00
6.199999999999999956e-02 6.500000000000000222e-02 9.979999999999999982e-01
5.999999999999999778e-02 6.400000000000000133e-02 1.006000000000000005e+00
5.800000000000000294e-02 6.300000000000000044e-02 1.006999999999999895e+00
6.099999999999999867e-02 6.099999999999999867e-02 1.004999999999999893e+00
5.500000000000000028e-02 6.199999999999999956e-02 1.004999999999999893e+00
5.899999999999999689e-02 5.999999999999999778e-02 9.979999999999999982e-01
6.600000000000000311e-02 6.800000000000000488e-02 1.004000000000000004e+00
5.700000000000000205e-02 6.800000000000000488e-02 1.008000000000000007e+00
5.800000000000000294e-02 6.900000000000000577e-02 1.002000000000000002e+00
6.199999999999999956e-02 6.099999999999999867e-02 1.010000000000000009e+00
5.800000000000000294e-02 6.700000000000000400e-02 9.969999999999999973e-01
6.300000000000000044e-02 6.700000000000000400e-02 1.004000000000000004e+00
5.800000000000000294e-02 6.300000000000000044e-02 1.002000000000000002e+00
5.800000000000000294e-02 6.400000000000000133e-02 1.008999999999999897e+00
6.099999999999999867e-02 6.199999999999999956e-02 9.979999999999999982e-01
5.700000000000000205e-02 6.600000000000000311e-02 9.979999999999999982e-01
5.999999999999999778e-02 6.700000000000000400e-02 1.004999999999999893e+00
6.300000000000000044e-02 6.600000000000000311e-02 1.004000000000000004e+00
5.800000000000000294e-02 6.400000000000000133e-02 1.002000000000000002e+00
5.899999999999999689e-02 6.900000000000000577e-02 1.000000000000000000e+00
5.899999999999999689e-02 6.400000000000000133e-02 1.000000000000000000e+00
5.500000000000000028e-02 6.400000000000000133e-02 1.004000000000000004e+00
5.700000000000000205e-02 7.199999999999999456e-02 1.004999999999999893e+00
5.899999999999999689e-02 6.500000000000000222e-02 1.008000000000000007e+00
5.999999999999999778e-02 6.300000000000000044e-02 1.006000000000000005e+00
6.199999999999999956e-02 6.600000000000000311e-02 1.010999999999999899e+00
6.500000000000000222e-02 6.199999999999999956e-02 1.002000000000000002e+00
5.800000000000000294e-02 6.900000000000000577e-02 1.002999999999999892e+00
